1505
3279
9793
3065
7292
9992
5871
4235
5404
1732
7092
9468
9514
4624
2978
7781
6012
9182
4937
3626
184
5531
5604
4737
8138
4322
3339
4920
234
5293
8296
6235
6379
7918
3562
3697
4649
1921
8295
1153
3913
3145
3208
6676
5366
9053
894
6930
9518
3947
6848
8971
6817
1681
4708
306
8638
4847
2740
2839
2598
5201
7830
4758
5013
9554
6105
6679
7372
5768
4465
7587
6469
4422
431
6504
240
5570
5974
2145
5954
2322
7476
5065
9916
37
5390
3615
7503
5778
385
6921
2075
7445
5459
1818
7079
2951
8373
1652
6188
3675
8204
558
8721
2727
5380
548
2631
4678
3759
4350
5257
7327
8359
1229
7301
1376
5423
7602
4151
6050
3931
1079
6332
5468
8656
7746
4875
1361
2232
480
4404
1399
3677
3251
2752
9398
2797
9181
2148
3397
5572
2709
3120
3181
1825
2482
5586
2443
4466
2313
4804
6216
4700
6937
6808
6576
1911
6501
6879
9138
7698
9326
2254
5439
6749
6301
1871
3706
6348
7127
3554
9325
863
9862
340
9738
8919
855
1506
4963
3108
8269
8748
5757
5028
4648
820
2180
3524
4843
7955
8826
2878
823
5464
332
4669
6100
1358
5759
219
2641
2731
6330
8117
2772
8974
2043
8741
3310
1268
6163
3637
2684
9496
4526
6962
4948
2896
6082
5246
6839
3843
3491
4941
3950
2143
3831
197
9938
6539
7236
3603
9584
5835
2452
5552
6401
9246
5204
9419
9207
1265
178
8611
937
9755
6340
4582
995
6298
3631
9233
8274
7510
9879
7937
3440
8706
7483
5903
1854
5777
686
5340
2319
246
7479
2571
4897
4938
4543
794
1614
3999
454
2149
3169
5422
9265
1157
7060
6141
4019
8140
4628
9281
1509
5557
4537
5975
7987
6659
7164
1570
2112
2689
8887
8106
2058
590
1356
9340
136
2703
3592
3682
5510
2652
8976
3971
9101
5672
7793
31
421
6784
4865
747
6181
2994
6859
7780
1391
2754
673
899
7576
9465
8933
1632
3414
792
828
200
9098
2879
7407
8970
6218
9532
7875
1263
4707
4623
9756
4378
736
6567
2401
2156
2176
5501
4975
8376
6669
7313
4507
9477
6932
2828
8510
2183
3230
8399
6440
7764
7311
2939
9680
754
4384
2710
3445
9961
7905
5120
3884
341
2014
5478
3390
8795
4928
2288
8708
6300
5481
2916
3987
8883
1735
4033
7619
142
1817
4656
8454
7225
7730
9911
616
3101
263
2743
6870
2415
7716
1534
6783
9512
6396
8173
26
4069
6777
3444
6411
3262
2059
7084
8659
2614
7685
4789
4925
4900
6898
3835
4145
5885
1861
3124
6559
2810
8772
4978
2118
331
9322
3107
9179
5926
1760
8483
9027
174
1474
9065
6448
8477
3340
8890
3434
4332
9637
3963
9133
3827
7180
97
1719
6028
1580
7773
7957
4926
6832
9400
435
9141
450
1858
4268
8665
3507
2808
5620
3655
5450
3687
8777
1960
6558
8871
1128
5868
2663
7537
3130
8425
5844
9968
1176
9014
9770
9722
8765
3946
759
6922
4849
9478
6697
239
9912
8722
2085
4846
1748
7062
6456
9914
2917
2215
9079
8358
4304
5708
6698
7727
9227
1032
8835
4578
7654
5917
2680
715
7258
5617
7185
8867
1769
3474
519
2604
4738
4634
4599
6905
5177
5630
8250
8780
9117
9094
8683
7011
430
9234
6517
6827
7871
1643
3357
3164
8645
6710
2785
6823
3696
1107
7704
4915
2563
2773
2217
9630
3179
5484
5760
5942
7321
7542
3369
8473
7025
9208
6377
3081
478
8017
3332
5171
9008
5488
9955
7996
1262
439
9124
3651
429
7168
365
4650
2800
4699
6533
3463
3882
8661
7858
4002
8010
7514
7589
1574
9474
2507
8752
1150
2764
9328
5795
721
9586
7026
4213
7318
2235
765
8088
3617
1609
9321
2928
6598
4870
5987
8354
2705
7877
5514
6116
9390
1531
84
4014
1956
1486
8103
6968
3868
1473
7290
1826
4575
5896
9061
6687
9838
9544
2279
7518
7787
5051
4869
8773
8905
2289
61
2520
7036
7356
6129
8899
5622
5960
9411
1635
1422
3259
9194
864
8407
3893
8809
6213
6568
5508
6335
8351
9808
2379
349
1763
882
6342
5502
4071
3600
6495
2398
7903
2932
5229
3471
3930
3068
6294
3229
7190
5772
2204
5559
7879
4195
9656
9330
7346
4464
7159
7724
1569
2049
9201
2245
9172
3629
2082
7452
1348
5332
6044
9546
8932
363
5628
7158
789
9392
7088
4919
3577
1668
4091
6056
9930
7622
9614
4644
336
237
2965
75
360
9412
5125
7162
4794
3023
2687
954
7534
9925
4450
9905
8917
7739
7143
681
3979
5436
7322
4222
8872
8242
2985
8600
8572
3744
2070
5334
3996
1493
1350
1029
4871
7283
2416
7397
6850
1122
8147
8888
1037
2649
1245
4366
2152
5224
2974
3896
6702
8565
8855
7715
9439
4370
1795
1593
3192
27
8739
3411
1857
5841
6796
434
4992
2498
5058
7172
2552
7772
8513
278
3000
4894
8453
8488
7048
3601
3679
8061
6894
5192
5980
3432
6766
8992
9296
9921
9347
1232
2161
5140
9765
9073
6897
5981
5674
2447
2307
1068
3274
7804
4551
4292
9883
9688
6948
6826
2164
1492
6195
9597
8789
378
5992
870
2125
5705
3920
9957
2333
1234
4028
9195
2358
6001
2303
1056
7596
9767
6706
2973
6621
2054
7165
8886
1552
6315
5761
2129
7508
7481
6933
5317
1070
8428
1018
9160
4807
3312
8240
7595
2777
1958
8107
8861
5079
6643
3719
2250
9711
5279
1571
906
7015
2078
1126
1815
6538
5104
7502
2923
9706
6510
805
3114
2287
2908
4346
8125
514
5494
8228
4086
4965
394
3422
4554
3634
609
5546
5297
6095
742
4985
3346
2449
6067
533
7431
3435
5290
2701
1941
8900
9686
7392
943
9573
920
6794
3973
4611
6039
7610
7174
5418
7551
7226
7459
2364
1928
1129
3508
8873
9948
3735
9817
5970
9003
4009
4501
7743
2121
833
5213
5343
3289
4414
7919
782
6867
5327
7876
2344
4633
8152
258
6583
7846
8268
